Del-001 1, 200, 6, 0
Del-011 3, 200, 15, 0
Del-111 5, 50, 6, 5
Del-110 5, 100, 1, 2
Del-100 9, 188, 6, 0
Del-000 15, 130, 6, 0
USS-001 1, 200, 6, 0
USS-011 3, 200, 15, 0
USS-111 5, 50, 6, 5
USS-110 5, 100, 1, 2
USS-100 9, 188, 6, 0
USS-000 15, 130, 6, 0
WXS-001 1, 200, 6, 0
WXS-011 3, 200, 15, 0
WXS-111 5, 50, 6, 5
WXS-110 5, 100, 1, 2
WXS-100 9, 188, 6, 0
WXS-000 15, 130, 6, 0
JPN-001 1, 200, 6, 0
JPN-011 3, 200, 15, 0
JPN-111 5, 50, 6, 5
JPN-110 5, 100, 1, 2
JPN-100 9, 188, 6, 0
JPN-000 15, 130, 6, 0
ETH-001 1, 200, 6, 0
ETH-011 3, 200, 15, 0
ETH-111 5, 50, 6, 5
ETH-110 5, 100, 1, 2
ETH-100 9, 188, 6, 0
ETH-000 15, 130, 6, 0